Reacoes de apoio [N]
[[  -742.73314313]
 [  -476.36585747]
 [     0.        ]
 [  2034.52283151]
 [     0.        ]
 [  3345.74766053]
 [     0.        ]
 [  3110.3996143 ]
 [ -3257.26685685]
 [  1985.69575113]
 [     0.        ]
 [     0.        ]
 [  2000.        ]
 [-10000.        ]
 [  2000.        ]
 [     0.        ]
 [     0.        ]
 [     0.        ]]

Deslocamentos [m]
[[ 0.00000000e+00]
 [ 0.00000000e+00]
 [ 5.63740287e-08]
 [ 0.00000000e+00]
 [ 1.62744803e-07]
 [ 0.00000000e+00]
 [ 2.69115578e-07]
 [ 0.00000000e+00]
 [ 0.00000000e+00]
 [ 0.00000000e+00]
 [ 9.05855900e-07]
 [-2.82799280e-07]
 [ 1.33551493e-06]
 [-1.84167258e-06]
 [ 6.65746946e-07]
 [-3.80590097e-07]
 [ 6.23056619e-07]
 [-7.08094743e-07]]

Deformacoes []
[[ 5.63740287e-08]
 [ 1.06370775e-07]
 [ 1.06370775e-07]
 [-2.69115578e-07]
 [-5.94327590e-07]
 [-9.94266167e-07]
 [-3.95657252e-07]
 [ 1.42578425e-07]
 [-3.80590097e-07]
 [-7.07060761e-08]
 [-7.08094743e-07]
 [-5.31017892e-07]
 [-2.82799280e-07]
 [ 2.82799280e-07]
 [-4.26903265e-08]
 [-1.13357784e-06]]

Forcas internas [N]
[[  266.36728567]
 [  502.60191002]
 [  502.60191002]
 [-1271.57110571]
 [-2808.197862  ]
 [-4697.90764009]
 [-1869.48051534]
 [  673.68305628]
 [-1798.28820716]
 [ -334.08620966]
 [-3345.74766053]
 [-2509.05954085]
 [-1336.22659856]
 [ 1336.22659855]
 [ -201.71179283]
 [-5356.15530062]]

Tensoes internas [Pa]
[[  11838.54602971]
 [  22337.86266761]
 [  22337.86266769]
 [ -56514.271365  ]
 [-124808.7938666 ]
 [-208795.89511491]
 [ -83088.02290405]
 [  29941.46916801]
 [ -79923.92031823]
 [ -14848.27598472]
 [-148699.89602354]
 [-111513.75737118]
 [ -59387.84882481]
 [  59387.84882459]
 [  -8964.96857044]
 [-238051.34669401]]